f2 2040
    0.491736     0.162790     0.503706
    0.511710     0.181044     0.499941
    0.449474     0.243280     0.499941
    0.444086     0.240293     0.500766
    0.362246     0.150748     0.517646
    0.362246     0.119771     0.520697
    0.395621     0.119771     0.517410
    0.440958     0.131139     0.511824
    0.246774     0.004299     0.520697
    0.149966     0.122605     0.499510
   -0.147379    -0.174741     0.499510
   -0.016036    -0.174741     0.512446
    0.029331    -0.149436     0.514422
   -0.067688    -0.231255     0.501792
   -0.265906    -0.204463     0.484909
   -0.279458    -0.216848     0.482354
   -0.174673    -0.321633     0.482354
   -0.083840    -0.246164     0.498733
    0.334026     0.058175     0.517410
    0.663764     0.272550     0.451884
    0.647868     0.310926     0.451884
    0.619652     0.299528     0.461875
    0.611293     0.291170     0.465461
    0.592624     0.224266     0.479531
    0.622217     0.236830     0.468975
    0.454430     0.247399     0.498449
    0.577828     0.212712     0.483863
    0.574625     0.318179     0.461875
    0.548973     0.320129     0.464507
    0.487397     0.285743     0.482675
    0.067113     0.211638     0.462091
   -0.027966     0.172255     0.462091
   -0.365808     0.153556     0.409619
   -0.401552     0.167995     0.396962
   -0.413023     0.163347     0.394066
   -0.525909    -0.109184     0.394066
   -0.534425    -0.221216     0.405560
   -0.516118    -0.236956     0.413090
   -0.321440    -0.236956     0.472146
   -0.515248    -0.248400     0.411916
   -0.442115    -0.424960     0.411916
   -0.397818    -0.442912     0.423098
   -0.384955    -0.437716     0.427653
   -0.374559    -0.427320     0.432112
   -0.248770    -0.388102     0.459242
   -0.185522    -0.335527     0.478286
   -0.260303    -0.395438     0.456140
   -0.342816    -0.455170     0.427653
   -0.330743    -0.448428     0.431215
    0.413748     0.103928     0.511824
    0.574618     0.204962     0.483863
    0.513023     0.171416     0.498332
    0.717440     0.294053     0.423170
    0.760490     0.318957     0.396593
    0.750908     0.354718     0.396593
    0.718433     0.342006     0.415771
    0.698625     0.286118     0.434364
    0.677551     0.340610     0.433715
    0.688084     0.280220     0.439983
    0.751151     0.355043     0.396352
    0.724490     0.381704     0.396352
    0.677763     0.346807     0.430995
    0.658422     0.347879     0.433999
    0.605627     0.362025     0.433999
    0.589169     0.363176     0.435741
    0.109310     0.259290     0.442664
    0.008714     0.232336     0.442664
   -0.402970     0.209533     0.378730
   -0.452343     0.246407     0.342124
   -0.459947     0.244686     0.339627
   -0.531271     0.173361     0.339627
   -0.532614     0.167429     0.341575
   -0.547584     0.152786     0.337721
   -0.557203    -0.020888     0.364693
   -0.564916    -0.049673     0.364693
   -0.576598    -0.216641     0.382362
   -0.571698    -0.221216     0.385636
   -0.567286    -0.284271     0.378964
   -0.550356    -0.347456     0.378964
   -0.549045    -0.371119     0.375289
   -0.499078    -0.419995     0.388153
   -0.474480    -0.426065     0.397710
   -0.426656    -0.473889     0.397710
   -0.400205    -0.479876     0.406396
   -0.398972    -0.476726     0.408256
   -0.345943    -0.457931     0.425897
   -0.400152    -0.479965     0.406356
   -0.373249    -0.487174     0.406356
   -0.174926    -0.339283     0.474760
   -0.195292    -0.373772     0.459242
    0.454835     0.113228     0.498332
    0.622559     0.235867     0.468654
    0.596480     0.210356     0.475368
    0.663114     0.259814     0.450407
    0.833199     0.335901     0.336802
    0.826035     0.371914     0.336802
    0.807424     0.367586     0.352782
    0.791366     0.323115     0.373220
    0.816910     0.323115     0.352257
    0.772048     0.369063     0.378339
    0.774789     0.318957     0.386145
    0.827068     0.373356     0.335318
    0.795745     0.420236     0.335318
    0.788864     0.418111     0.341487
    0.775038     0.404285     0.358627
    0.737501     0.401099     0.379635
    0.765604     0.433652     0.341487
    0.738200     0.414031     0.369676
    0.737149     0.409517     0.373553
    0.627014     0.436148     0.369676
    0.589169     0.402259     0.403666
    0.263359     0.377895     0.370475
   -0.047764     0.316009     0.370475
   -0.450628     0.287481     0.312450
   -0.475175     0.305057     0.287199
   -0.530061     0.268383     0.287199
   -0.530174     0.264641     0.289924
   -0.525736     0.250270     0.302808
   -0.534668     0.213381     0.317230
   -0.538757     0.207261     0.317230
   -0.551172     0.152636     0.335129
   -0.555222     0.148232     0.333032
   -0.568528    -0.039671     0.360096
   -0.572578    -0.060031     0.360096
   -0.584289    -0.216641     0.376050
   -0.584871    -0.217290     0.375466
   -0.580544    -0.275163     0.369571
   -0.574666    -0.304709     0.369571
   -0.570245    -0.367146     0.360578
   -0.567292    -0.370357     0.362107
   -0.566769    -0.372657     0.361353
   -0.505629    -0.464161     0.361353
   -0.502928    -0.465356     0.362766
   -0.498153    -0.470131     0.362766
   -0.468102    -0.477407     0.374515
   -0.412681    -0.514439     0.374515
   -0.401219    -0.517044     0.378271
   -0.399002    -0.507510     0.386457
   -0.376293    -0.499310     0.396893
   -0.399538    -0.519159     0.376809
   -0.379164    -0.523212     0.376809
   -0.376293    -0.519554     0.380279
   -0.265934    -0.471830     0.401430
   -0.290251    -0.502440     0.380279
   -0.196184    -0.395146     0.443802
   -0.205738    -0.416468     0.430094
    0.518166     0.082168     0.443802
    0.529120     0.106922     0.456759
    0.599303     0.177105     0.456759
    0.685988     0.215463     0.411385
    0.696500     0.231196     0.411385
    0.779070     0.307103     0.380698
    0.814602     0.311514     0.352257
    0.788524     0.305894     0.372742
    0.863888     0.336255     0.300036
    0.863606     0.339704     0.299714
    0.857719     0.376871     0.299714
    0.853759     0.376298     0.304650
    0.840720     0.336255     0.328267
    0.835945     0.378068     0.324284
    0.839152     0.335901     0.330108
    0.861487     0.383929     0.291165
    0.860509     0.387844     0.289985
    0.841329     0.425487     0.289985
    0.840090     0.424695     0.291892
    0.802649     0.427140     0.324750
    0.842243     0.428708     0.286103
    0.840199     0.433294     0.283715
    0.805082     0.468411     0.283715
    0.800429     0.461129     0.294921
    0.779186     0.459241     0.309679
    0.804392     0.482171     0.268149
    0.795704     0.494531     0.258940
    0.775191     0.504983     0.258940
    0.774865     0.502731     0.261747
    0.631511     0.456050     0.346294
    0.762442     0.529603     0.231401
    0.752615     0.538646     0.222277
    0.645502     0.555611     0.222277
    0.631511     0.556755     0.223584
    0.623378     0.562231     0.215342
    0.228048     0.529924     0.178413
   -0.062293     0.483939     0.178413
   -0.378805     0.456867     0.138063
   -0.396575     0.449275     0.142625
   -0.467714     0.395558     0.187112
   -0.470402     0.391812     0.190722
   -0.478415     0.311159     0.279613
   -0.538950     0.356885     0.190722
   -0.540392     0.328141     0.223239
   -0.532619     0.315978     0.241957
   -0.534072     0.293729     0.261482
   -0.543073     0.325460     0.223239
   -0.540446     0.226261     0.304031
   -0.551098     0.205354     0.304031
   -0.565635     0.147197     0.321556
   -0.566380     0.146211     0.320939
   -0.581640    -0.032203     0.343684
   -0.601403    -0.156986     0.343684
   -0.606331    -0.217290     0.349317
   -0.610211    -0.223052     0.343478
   -0.594950    -0.319405     0.343478
   -0.591044    -0.365080     0.337655
   -0.608789    -0.398324     0.297390
   -0.576791    -0.461125     0.297390
   -0.574504    -0.459664     0.300908
   -0.579147    -0.469432     0.287377
   -0.528612    -0.519968     0.287377
   -0.526824    -0.520764     0.288308
   -0.495428    -0.511858     0.326147
   -0.467557    -0.519317     0.336392
   -0.427814    -0.539567     0.336392
   -0.397654    -0.547106     0.345480
   -0.397125    -0.543447     0.350040
   -0.379164    -0.537599     0.360633
   -0.384985    -0.558764     0.333719
   -0.375732    -0.560230     0.333719
   -0.375732    -0.552785     0.342790
   -0.297775    -0.578171     0.296812
   -0.352887    -0.580445     0.304678
   -0.317417    -0.604330     0.268728
   -0.304825    -0.608388     0.261354
   -0.293663    -0.606620     0.261354
    0.141166    -0.447308     0.189094
   -0.249355    -0.630271     0.207688
   -0.228233    -0.640541     0.183271
   -0.213423    -0.636840     0.178808
    0.124126    -0.464850     0.178808
    0.495807    -0.129865     0.262944
    0.505685    -0.108984     0.276048
    0.153249    -0.437242     0.190922
    0.821800     0.207131     0.276048
    0.829691     0.224846     0.285271
    0.831727     0.227114     0.284795
    0.824700     0.306154     0.339704
    0.840496     0.233279     0.278260
    0.869812     0.290813     0.278260
    0.861411     0.306550     0.297321
    0.848083     0.308477     0.313934
    0.865692     0.333577     0.297321
    0.878537     0.332650     0.273518
    0.872838     0.375934     0.273518
    0.869698     0.332650     0.290054
    0.872250     0.382042     0.272855
    0.873808     0.387471     0.265872
    0.872357     0.392834     0.264459
    0.861886     0.418112     0.264459
    0.859849     0.425007     0.262216
    0.857982     0.439013     0.247850
    0.836176     0.467431     0.247850
    0.860647     0.433413     0.250491
    0.830111     0.479140     0.241129
    0.790985     0.516981     0.228481
    0.829956     0.480245     0.239534
    0.818759     0.495669     0.228481
    0.780384     0.530419     0.216270
    0.750200     0.552422     0.198843
    0.779556     0.532201     0.213630
    0.764251     0.546601     0.198843
    0.719761     0.572924     0.171403
    0.715178     0.573365     0.171901
    0.739132     0.562013     0.185127
    0.658866     0.580779     0.171901
    0.623378     0.583894     0.174814
    0.163324     0.546416     0.131616
    0.610283     0.589568     0.160973
    0.608065     0.589902     0.159802
    0.264761     0.559771     0.131616
   -0.347908     0.474271     0.116173
   -0.250046     0.506610     0.086707
   -0.448880     0.435124     0.128840
   -0.531140     0.401051     0.128840
   -0.532327     0.398498     0.132622
   -0.533941     0.396452     0.134481
   -0.541500     0.360487     0.183275
   -0.541293     0.359857     0.184393
   -0.539303     0.392337     0.134481
   -0.543498     0.362484     0.177565
   -0.545153     0.327099     0.218810
   -0.553079     0.349999     0.177565
   -0.550791     0.325914     0.211161
   -0.555811     0.308923     0.216687
   -0.622516     0.147884     0.216687
   -0.625788     0.135793     0.219873
   -0.658646     0.077457     0.178543
   -0.659331     0.070350     0.179315
   -0.697795    -0.221813     0.179315
   -0.697964    -0.223743     0.179474
   -0.697462    -0.224670     0.180642
   -0.617212    -0.224670     0.330779
   -0.661244    -0.397475     0.205838
   -0.674587    -0.398421     0.180642
   -0.621858    -0.404381     0.272842
   -0.625465    -0.483639     0.206000
   -0.676620    -0.405505     0.171530
   -0.641301    -0.490773     0.171530
   -0.603129    -0.488334     0.236303
   -0.600399    -0.511508     0.211956
   -0.641597    -0.493895     0.167175
   -0.628617    -0.510811     0.167175
   -0.603264    -0.514374     0.203764
   -0.525725    -0.525990     0.281219
   -0.589399    -0.525013     0.203764
   -0.577091    -0.530868     0.209569
   -0.472843    -0.541616     0.298416
   -0.426935    -0.560633     0.298416
   -0.382552    -0.572640     0.310113
   -0.363772    -0.583218     0.296808
   -0.333749    -0.602180     0.268728
   -0.275069    -0.623719     0.226280
   -0.272378    -0.625176     0.222892
   -0.227958    -0.644423     0.175942
   -0.226781    -0.645334     0.173376
   -0.200009    -0.653015     0.138943
   -0.175010    -0.659656     0.107763
   -0.169425    -0.658145     0.106291
   -0.127436    -0.640753     0.106291
   -0.033649    -0.586312     0.116401
    0.116111    -0.475010     0.169576
   -0.114349    -0.636886     0.102035
   -0.090460    -0.624024     0.103084
    0.538466    -0.135317     0.201175
    0.546784    -0.123858     0.209387
    0.438136    -0.218640     0.190922
    0.808210     0.137569     0.209387
    0.815190     0.151044     0.217121
    0.881353     0.239774     0.220231
    0.881294     0.240401     0.221106
    0.879094     0.241392     0.225894
    0.878216     0.233180     0.217121
    0.876997     0.287483     0.264765
    0.891132     0.264153     0.221106
    0.884302     0.287958     0.251723
    0.881027     0.288190     0.257909
    0.887547     0.312608     0.251723
    0.880173     0.329627     0.269712
    0.894864     0.312141     0.227778
    0.887397     0.378412     0.227778
    0.889168     0.312141     0.246556
    0.887022     0.382068     0.227452
    0.886386     0.383356     0.228885
    0.870699     0.428186     0.228885
    0.870389     0.429169     0.228617
    0.868736     0.439220     0.214208
    0.852012     0.465836     0.214208
    0.847632     0.473741     0.210326
    0.812551     0.512543     0.200598
    0.846649     0.476294     0.206222
    0.839819     0.485275     0.200598
    0.796914     0.528337     0.191859
    0.804423     0.522061     0.193044
    0.761379     0.553195     0.184038
    0.787669     0.536676     0.184038
    0.749707     0.561517     0.174487
    0.753485     0.559352     0.176131
    0.742543     0.565898     0.168260
    0.719411     0.573993     0.168260
    0.673697     0.582975     0.159153
    0.715017     0.576163     0.163371
    0.705362     0.579726     0.156328
    0.636581     0.587157     0.159153
    0.591372     0.593240     0.142595
    0.330090     0.569288     0.124508
    0.256492     0.560995     0.124508
   -0.244080     0.508812     0.082355
   -0.189544     0.515222     0.084718
   -0.405032     0.458077     0.103571
   -0.473992     0.433947     0.103571
   -0.527540     0.417098     0.088967
   -0.527660     0.417004     0.089088
   -0.533268     0.404129     0.117992
   -0.542037     0.407971     0.089088
   -0.542862     0.406740     0.091287
   -0.539954     0.402641     0.109607
   -0.542550     0.395584     0.121268
   -0.548177     0.401426     0.091287
   -0.549742     0.397362     0.097820
   -0.545637     0.394449     0.116168
   -0.555204     0.351468     0.170074
   -0.583283     0.343982     0.097820
   -0.586308     0.337921     0.100242
   -0.613879     0.289815     0.079298
   -0.616208     0.282414     0.081316
   -0.683008     0.091510     0.081316
   -0.689889     0.067235     0.086671
   -0.724631    -0.026907     0.018003
   -0.725931    -0.031793     0.015983
   -0.745322    -0.106459    -0.020207
   -0.758922    -0.227162    -0.020207
   -0.709826    -0.227162     0.141639
   -0.759221    -0.228381    -0.021648
   -0.762702    -0.245782    -0.039585
   -0.762284    -0.250341    -0.039900
   -0.752330    -0.338684    -0.039900
   -0.741305    -0.367407    -0.014224
   -0.732945    -0.383296     0.007433
   -0.727414    -0.394498     0.019899
   -0.683778    -0.408774     0.148211
   -0.709949    -0.444409     0.019899
   -0.693872    -0.470695     0.042743
   -0.680167    -0.485765     0.070740
   -0.678516    -0.487882     0.072861
   -0.650532    -0.500071     0.135691
   -0.651275    -0.507336     0.119283
   -0.649237    -0.505889     0.128395
   -0.675695    -0.492372     0.072861
   -0.671761    -0.496734     0.076551
   -0.658368    -0.505721     0.100493
   -0.630565    -0.512759     0.159247
   -0.629470    -0.515735     0.154330
   -0.628390    -0.516334     0.154860
   -0.575245    -0.535106     0.200055
   -0.612551    -0.526286     0.154860
   -0.604534    -0.530287     0.158064
   -0.505886    -0.556930     0.218972
   -0.328675    -0.617688     0.223126
   -0.347506    -0.612350     0.218972
   -0.298074    -0.628981     0.200805
   -0.257611    -0.644511     0.164636
   -0.225991    -0.648074     0.164636
   -0.214357    -0.650891     0.151275
   -0.175038    -0.660557     0.104807
   -0.170976    -0.662137     0.094838
   -0.170531    -0.662278     0.093851
   -0.164954    -0.662441     0.086832
   -0.150087    -0.657239     0.086832
   -0.149583    -0.657080     0.086695
    0.136972    -0.470366     0.143412
    0.105040    -0.499168     0.116401
    0.800085     0.120829     0.186865
    0.814605     0.139922     0.198820
    0.561320    -0.117936     0.186865
    0.873012     0.209799     0.187796
    0.874314     0.211243     0.186575
    0.894849     0.243925     0.186575
    0.892483     0.244622     0.195243
    0.893351     0.263140     0.213877
    0.895304     0.244425     0.185647
    0.898179     0.252642     0.185647
    0.897844     0.264146     0.200128
    0.896281     0.264099     0.205261
    0.900448     0.287260     0.200128
    0.898123     0.298882     0.212108
    0.900119     0.355794     0.134929
    0.898123     0.365507     0.145483
    0.902474     0.285966     0.180857
    0.907019     0.285966     0.134703
    0.900473     0.352426     0.134703
    0.896301     0.373842     0.153323
    0.887340     0.382280     0.224416
    0.884390     0.413108     0.153323
    0.882633     0.418555     0.154480
    0.878079     0.429404     0.168508
    0.878034     0.429502     0.168591
    0.868839     0.439300     0.213189
    0.858020     0.466255     0.172746
    0.864071     0.455626     0.168591
    0.857744     0.466695     0.172746
    0.830917     0.499529     0.171510
    0.856558     0.468285     0.171510
    0.816097     0.514771     0.169220
    0.827761     0.503106     0.169220
    0.781431     0.543887     0.162283
    0.805260     0.524331     0.162283
    0.768624     0.553275     0.153416
    0.770025     0.552395     0.153416
    0.757419     0.559653     0.149035
    0.738319     0.569862     0.149035
    0.731772     0.572870     0.143492
    0.703166     0.582057     0.137832
    0.727394     0.574707     0.137832
    0.667806     0.587157     0.127927
    0.690982     0.584721     0.126371
    0.591372     0.594685     0.127927
    0.301472     0.569288     0.095890
    0.559334     0.594685     0.095890
    0.135120     0.551803     0.084718
   -0.257970     0.505774     0.069289
   -0.433928     0.452398     0.069289
   -0.453965     0.445937     0.065035
   -0.522584     0.421926     0.065035
   -0.527619     0.417201     0.087956
   -0.532542     0.417352     0.056604
   -0.542329     0.412120     0.056604
   -0.542080     0.411397     0.066259
   -0.543584     0.409658     0.071507
   -0.545863     0.409746     0.051133
   -0.546692     0.409065     0.051133
   -0.545862     0.408235     0.066858
   -0.549409     0.402556     0.078446
   -0.558394     0.394783     0.051337
   -0.547538     0.408220     0.049556
   -0.556685     0.397073     0.049556
   -0.570849     0.374962     0.051337
   -0.573435     0.370416     0.049560
   -0.620010     0.283281     0.049560
   -0.627137     0.267767     0.036425
   -0.675572     0.129348     0.036425
   -0.703552     0.042579     0.018003
   -0.759221    -0.174703    -0.075327
   -0.754844    -0.150007    -0.061169
   -0.760626    -0.183455    -0.080833
   -0.764037    -0.215908    -0.083012
   -0.766979    -0.245782    -0.083012
   -0.766979    -0.272629    -0.109859
   -0.763967    -0.303211    -0.109859
   -0.763842    -0.304400    -0.109780
   -0.762284    -0.311982    -0.101541
   -0.757513    -0.333804    -0.081016
   -0.736412    -0.392307    -0.043765
   -0.753600    -0.346702    -0.081016
   -0.749828    -0.358398    -0.078532
   -0.743132    -0.376298    -0.064465
   -0.719779    -0.428513    -0.013112
   -0.714493    -0.439566    -0.002143
   -0.705418    -0.454865     0.007984
   -0.692522    -0.474058     0.037697
   -0.709739    -0.447919     0.001123
   -0.686727    -0.481827     0.043736
   -0.684230    -0.484963     0.047213
   -0.684087    -0.485112     0.047541
   -0.670589    -0.498610     0.072722
   -0.669372    -0.499684     0.073501
   -0.658855    -0.506252     0.094964
   -0.656935    -0.508472     0.088266
   -0.664267    -0.503874     0.073501
   -0.657174    -0.509165     0.079016
   -0.650019    -0.513237     0.076219
   -0.586552    -0.547161     0.076219
   -0.538319    -0.569318     0.035382
   -0.502250    -0.581939     0.035382
   -0.241015    -0.662137     0.024800
   -0.434428    -0.603810     0.020982
   -0.240857    -0.662529     0.020982
   -0.168068    -0.671432     0.003374
   -0.168068    -0.666132     0.057185
   -0.207777    -0.669327    -0.014961
   -0.175402    -0.672516    -0.014961
   -0.170231    -0.671939    -0.003940
   -0.164806    -0.670362     0.010972
   -0.163104    -0.666132     0.052221
   -0.162743    -0.665749     0.055265
   -0.157782    -0.664774     0.049380
   -0.157949    -0.667484     0.019838
   -0.034979    -0.601755     0.019838
    0.086208    -0.520937     0.050720
   -0.013812    -0.589707     0.011563
    0.035841    -0.558508     0.011563
    0.615596    -0.084040     0.076100
    0.575952    -0.119015     0.050720
    0.733354     0.033718     0.076100
    0.775561     0.081561     0.106727
    0.887084     0.217452     0.106727
    0.892650     0.225736     0.119552
    0.891518     0.226126     0.134668
    0.898017     0.242319     0.158963
    0.900527     0.240471     0.119552
    0.902049     0.244098     0.124242
    0.899541     0.243943     0.151569
    0.900894     0.250827     0.159736
    0.903963     0.250406     0.124242
    0.904524     0.253139     0.127210
    0.902474     0.252314     0.147205
    0.907019     0.278473     0.127210
    0.900473     0.279131     0.061409
    0.901504     0.278473     0.071213
    0.895284     0.322275     0.058490
    0.894794     0.336629     0.068499
    0.895480     0.360162     0.098123
    0.900045     0.279131     0.057602
    0.896305     0.312319     0.057602
    0.893245     0.368046     0.099862
    0.878474     0.422987     0.134306
    0.887894     0.383339     0.099862
    0.881823     0.402633     0.105124
    0.871815     0.436330     0.139638
    0.849462     0.474424     0.150101
    0.861267     0.453117     0.139638
    0.834478     0.492351     0.147273
    0.796149     0.530021     0.143690
    0.829964     0.496205     0.143690
    0.775670     0.545870     0.133731
    0.779324     0.542816     0.133155
    0.749396     0.560428     0.120830
    0.738621     0.567198     0.120830
    0.727431     0.574111     0.131338
    0.730457     0.571272     0.117567
    0.697099     0.577303     0.073930
    0.693616     0.578521     0.073930
    0.694937     0.580497     0.092787
    0.704321     0.575573     0.080097
    0.690998     0.584680     0.125974
    0.607690     0.576387    -0.030940
    0.607589     0.576397    -0.030949
    0.557638     0.582026    -0.030949
    0.559334     0.584680    -0.005689
    0.628810     0.576632    -0.007646
    0.611592     0.576254    -0.028219
    0.299257     0.551803    -0.079419
    0.497315     0.569960    -0.093130
   -0.002829     0.517767    -0.079419
   -0.261039     0.491269    -0.056384
   -0.271346     0.491569    -0.043410
   -0.383393     0.459806    -0.018692
   -0.483008     0.424949    -0.018692
   -0.530461     0.410017    -0.005750
   -0.538975     0.408617     0.006455
   -0.540187     0.410178     0.021809
   -0.545305     0.408123     0.029488
   -0.542329     0.406509     0.006455
   -0.544096     0.405828     0.009296
   -0.545740     0.407620     0.027969
   -0.546477     0.407160     0.029474
   -0.546781     0.403143     0.009296
   -0.548183     0.404429     0.023902
   -0.546965     0.402666     0.008530
   -0.584411     0.343071     0.008530
   -0.623473     0.271672     0.018653
   -0.596939     0.317968    -0.001503
   -0.711017     0.004594    -0.027064
   -0.676215     0.104053    -0.027064
   -0.759611    -0.218246    -0.124627
   -0.764037    -0.257522    -0.124627
   -0.765422    -0.272629    -0.125673
   -0.763967    -0.279901    -0.133169
   -0.761718    -0.306400    -0.126634
   -0.762556    -0.285644    -0.139955
   -0.761409    -0.295817    -0.139955
   -0.761073    -0.308674    -0.126132
   -0.755979    -0.323232    -0.126132
   -0.755216    -0.325658    -0.125470
   -0.730448    -0.401933    -0.052993
   -0.732573    -0.397457    -0.056008
   -0.720622    -0.419667    -0.044284
   -0.695058    -0.468488     0.016514
   -0.676391    -0.489858     0.031215
   -0.675097    -0.488448     0.016514
   -0.673955    -0.488888     0.014679
   -0.646360    -0.504177     0.001129
   -0.599974    -0.533324     0.001129
   -0.550214    -0.558156    -0.018759
   -0.479225    -0.569837    -0.120534
   -0.380212    -0.600992    -0.147539
   -0.292384    -0.631724    -0.147539
   -0.220299    -0.652159    -0.163441
   -0.210494    -0.662571    -0.080835
   -0.174608    -0.661677    -0.124658
   -0.175179    -0.662571    -0.116150
   -0.197383    -0.651491    -0.192286
   -0.174608    -0.654057    -0.192286
   -0.175179    -0.671495    -0.025545
   -0.171231    -0.661677    -0.121281
   -0.169899    -0.660262    -0.132507
   -0.174127    -0.653939    -0.192856
   -0.169508    -0.660185    -0.132043
   -0.154635    -0.646229    -0.199733
   -0.162293    -0.645732    -0.224306
   -0.157131    -0.643015    -0.231343
   -0.155478    -0.641130    -0.236946
   -0.127863    -0.616017    -0.288248
   -0.090634    -0.586983    -0.325540
    0.132500    -0.446779    -0.325540
    0.159239    -0.422661    -0.348158
    0.290529    -0.312923    -0.368869
    0.405677    -0.225354    -0.296769
    0.589003    -0.042028    -0.296769
    0.757403     0.101778    -0.163103
    0.789173     0.123099    -0.106304
    0.836260     0.175302    -0.062146
    0.885581     0.217970     0.086660
    0.836532     0.175735    -0.062146
    0.858849     0.204351    -0.033482
    0.886071     0.234286     0.022131
    0.889034     0.237082     0.030104
    0.889525     0.237512     0.031563
    0.892498     0.235204     0.060802
    0.897251     0.240269     0.083858
    0.895388     0.248656     0.046753
    0.898492     0.246581     0.076369
    0.901504     0.249418     0.100268
    0.897788     0.269952     0.046753
    0.890032     0.269952     0.021185
    0.888780     0.269590     0.017192
    0.886737     0.285104     0.017192
    0.887833     0.296308     0.025091
    0.889097     0.357686     0.074049
    0.879551     0.403623     0.100023
    0.886964     0.362836     0.074049
    0.878423     0.391740     0.083448
    0.865896     0.432324     0.113560
    0.811993     0.502818     0.113995
    0.812385     0.502061     0.113560
    0.783590     0.531221     0.113995
    0.741126     0.553218     0.089619
    0.724512     0.565967     0.089619
    0.614651     0.574987    -0.028219
    0.655652     0.575373     0.019364
    0.631869     0.573114    -0.013811
    0.494721     0.548001    -0.163868
    0.493869     0.548113    -0.163868
    0.497315     0.560069    -0.125735
    0.576966     0.567572    -0.070457
    0.348697     0.489709    -0.302478
    0.343794     0.488378    -0.305047
    0.250782     0.480215    -0.297411
    0.430657     0.520725    -0.230679
    0.390935     0.504068    -0.270833
    0.043036     0.452864    -0.297411
   -0.172689     0.432090    -0.273974
   -0.271157     0.460342    -0.147324
   -0.384989     0.429545    -0.117324
   -0.458863     0.398945    -0.117324
   -0.500250     0.386715    -0.103865
   -0.524689     0.389037    -0.069775
   -0.533836     0.402268    -0.023148
   -0.538572     0.401214    -0.017209
   -0.526711     0.387485    -0.069775
   -0.539074     0.399849    -0.019466
   -0.541655     0.398899    -0.015201
   -0.528622     0.373885    -0.089403
   -0.554825     0.339737    -0.089403
   -0.556880     0.335416    -0.091441
   -0.683842    -0.058598    -0.190730
   -0.552399     0.288236    -0.157253
   -0.582819     0.185292    -0.190730
   -0.721252    -0.196873    -0.227172
   -0.723550    -0.200952    -0.224283
   -0.728576    -0.208910    -0.216839
   -0.756854    -0.218162    -0.133687
   -0.747401    -0.281998    -0.188558
   -0.736034    -0.265565    -0.216839
   -0.741580    -0.275807    -0.203941
   -0.748670    -0.283638    -0.184984
   -0.755627    -0.285644    -0.162795
   -0.757259    -0.295944    -0.153590
   -0.757139    -0.295857    -0.154016
   -0.751428    -0.293248    -0.172624
   -0.753180    -0.326544    -0.130041
   -0.750281    -0.296017    -0.172624
   -0.744117    -0.345593    -0.121057
   -0.696105    -0.428688    -0.084796
   -0.691090    -0.414700    -0.121057
   -0.688028    -0.420611    -0.117664
   -0.661201    -0.434508    -0.133063
   -0.539368    -0.527994    -0.133063
   -0.486494    -0.553149    -0.158001
   -0.420696    -0.546900    -0.249782
   -0.365790    -0.563125    -0.267637
   -0.260859    -0.606589    -0.267637
   -0.204175    -0.621924    -0.282577
   -0.197679    -0.641778    -0.224197
   -0.162293    -0.636538    -0.254613
   -0.200485    -0.620865    -0.287322
   -0.161428    -0.626008    -0.287322
   -0.161428    -0.633538    -0.264183
   -0.155274    -0.634449    -0.258894
   -0.155329    -0.622705    -0.295003
   -0.151257    -0.622169    -0.295003
   -0.142612    -0.616709    -0.303088
   -0.126635    -0.600367    -0.329728
   -0.108978    -0.585065    -0.351609
   -0.085577    -0.575372    -0.351609
   -0.043993    -0.536245    -0.391788
    0.070412    -0.451219    -0.432410
    0.087221    -0.439456    -0.436123
    0.088383    -0.438746    -0.436062
    0.089615    -0.438159    -0.435481
    0.276142    -0.295032    -0.435481
    0.302050    -0.281611    -0.420609
    0.375110    -0.208551    -0.420609
    0.485722    -0.114769    -0.376610
    0.582775    -0.044320    -0.307060
    0.597920    -0.024583    -0.307060
    0.632009     0.008530    -0.287072
    0.747026     0.099266    -0.182557
    0.757977     0.104356    -0.166335
    0.813926     0.163818    -0.108881
    0.819520     0.168325    -0.100341
    0.844378     0.197010    -0.064794
    0.859184     0.211484    -0.040660
    0.870332     0.229137    -0.024150
    0.871144     0.235302    -0.024150
    0.872750     0.238420    -0.020475
    0.885382     0.261748     0.008902
    0.882343     0.276065     0.006743
    0.859097     0.232516    -0.046003
    0.884536     0.309497     0.029066
    0.838339     0.400166     0.029066
    0.822546     0.415838     0.022973
    0.833655     0.403458     0.025576
    0.781713     0.435155    -0.002654
    0.653300     0.563568    -0.002654
    0.498355     0.545088    -0.165480
    0.494194     0.547209    -0.165480
    0.577735     0.567607    -0.069808
    0.444651     0.524290    -0.220561
    0.398821     0.505787    -0.265639
    0.456192     0.528731    -0.209409
    0.247530     0.431081    -0.388532
    0.157423     0.423717    -0.380115
    0.303849     0.461479    -0.345532
    0.268636     0.439312    -0.378332
    0.061970     0.408599    -0.380115
   -0.118368     0.393174    -0.357125
   -0.174280     0.423019    -0.289406
   -0.299594     0.391698    -0.251642
   -0.458781     0.318966    -0.238913
   -0.475364     0.323670    -0.218926
   -0.505472     0.361871    -0.137571
   -0.424149     0.328234    -0.251642
   -0.515435     0.360697    -0.127104
   -0.523252     0.294362    -0.196797
   -0.512861     0.286173    -0.218926
   -0.493426     0.217662    -0.301498
   -0.507530     0.164960    -0.320869
   -0.575797     0.030979    -0.320869
   -0.609843    -0.070172    -0.335273
   -0.636257    -0.121859    -0.326094
   -0.649341    -0.144092    -0.318985
   -0.676615    -0.180213    -0.296397
   -0.686308    -0.190745    -0.286619
   -0.591317    -0.031117    -0.339582
   -0.703882    -0.242410    -0.270188
   -0.704837    -0.243603    -0.268848
   -0.710927    -0.250487    -0.260097
   -0.689779    -0.212656    -0.286619
   -0.721188    -0.263115    -0.244011
   -0.731783    -0.265565    -0.224794
   -0.717097    -0.259649    -0.250811
   -0.733491    -0.272271    -0.219946
   -0.738473    -0.275587    -0.209809
   -0.723637    -0.267703    -0.238454
   -0.739175    -0.291015    -0.196798
   -0.708471    -0.297468    -0.238454
   -0.704583    -0.300202    -0.241352
   -0.703724    -0.300245    -0.242323
   -0.631159    -0.334572    -0.287863
   -0.513860    -0.451871    -0.287863
   -0.433109    -0.487843    -0.329906
   -0.423382    -0.485083    -0.341630
   -0.331234    -0.509744    -0.375500
   -0.237891    -0.557305    -0.375500
   -0.210449    -0.564163    -0.383770
   -0.206254    -0.568024    -0.379876
   -0.199479    -0.606662    -0.314144
   -0.155329    -0.595412    -0.346065
   -0.163780    -0.574751    -0.379876
   -0.154814    -0.582685    -0.368478
   -0.154814    -0.593187    -0.350102
   -0.107239    -0.575150    -0.368478
   -0.080573    -0.550609    -0.393234
   -0.060553    -0.535492    -0.405754
   -0.040707    -0.507837    -0.432410
    0.225098    -0.316071    -0.464806
    0.270955    -0.295643    -0.440931
    0.336760    -0.229838    -0.440931
    0.355064    -0.218034    -0.433190
    0.513227    -0.084116    -0.370165
    0.643151     0.030398    -0.287072
    0.738419     0.098766    -0.195247
    0.746850     0.103131    -0.185817
    0.800539     0.161471    -0.131655
    0.801552     0.167866    -0.131655
    0.840569     0.211961    -0.075604
    0.848182     0.223267    -0.064144
    0.796029     0.167866    -0.138385
    0.811207     0.214475    -0.110896
    0.817239     0.218795    -0.102713
    0.744558     0.156236    -0.198858
    0.740444     0.176916    -0.198858
    0.724813     0.180285    -0.211137
    0.544149     0.450666    -0.211137
    0.493645     0.473014    -0.237573
    0.489812     0.531720    -0.186053
    0.462339     0.463346    -0.265639
    0.269157     0.439208    -0.378332
    0.305167     0.461909    -0.344755
    0.282230     0.445486    -0.368349
    0.201578     0.399467    -0.418186
    0.110850     0.392682    -0.408943
    0.234223     0.419165    -0.400483
    0.222259     0.409632    -0.409790
   -0.120937     0.367322    -0.385618
    0.041010     0.378790    -0.408943
   -0.266673     0.314235    -0.361043
   -0.146294     0.344001    -0.397693
   -0.153396     0.339980    -0.398160
   -0.393040     0.229799    -0.361043
   -0.459486     0.213711    -0.335065
   -0.465275     0.219500    -0.326203
   -0.464848     0.191565    -0.343723
   -0.504606     0.132064    -0.343723
   -0.508793     0.113638    -0.349761
   -0.588603    -0.027324    -0.340490
   -0.673522    -0.189711    -0.301999
   -0.651312    -0.154002    -0.318985
   -0.678742    -0.200330    -0.297689
   -0.709714    -0.258581    -0.260013
   -0.700482    -0.259499    -0.270188
   -0.700126    -0.259781    -0.270434
   -0.699749    -0.259863    -0.270731
   -0.663032    -0.276315    -0.294335
   -0.623784    -0.335054    -0.294335
   -0.538923    -0.372604    -0.338755
   -0.459337    -0.425628    -0.363694
   -0.425023    -0.459941    -0.363694
   -0.327590    -0.483532    -0.401787
   -0.313182    -0.489045    -0.405563
   -0.287961    -0.505897    -0.405563
   -0.211288    -0.523323    -0.430685
   -0.208541    -0.550967    -0.400218
   -0.163780    -0.536392    -0.426617
   -0.204153    -0.518215    -0.438025
   -0.190447    -0.519185    -0.439999
   -0.161207    -0.525001    -0.439999
   -0.160675    -0.524526    -0.440476
   -0.151703    -0.513095    -0.451322
   -0.146874    -0.510091    -0.453619
   -0.038795    -0.488593    -0.453619
   -0.029938    -0.477444    -0.461323
    0.014094    -0.436947    -0.482290
    0.026722    -0.434077    -0.478153
    0.198169    -0.319521    -0.478153
    0.225302    -0.312951    -0.467544
    0.285917    -0.252336    -0.467544
    0.427128    -0.110182    -0.433190
    0.512157    -0.072083    -0.378525
    0.527421    -0.055486    -0.370622
    0.634440     0.029532    -0.296673
    0.642506     0.070086    -0.296673
    0.726333     0.135883    -0.217138
    0.602523     0.070086    -0.329487
    0.634753     0.159343    -0.288466
    0.495235     0.043169    -0.413142
    0.462175     0.166548    -0.413142
    0.437891     0.180888    -0.424068
    0.436364     0.187633    -0.421854
    0.459529     0.460536    -0.269123
    0.244425     0.379573    -0.421854
    0.242575     0.387069    -0.418941
    0.243421     0.403962    -0.409790
    0.259821     0.428409    -0.388719
    0.066579     0.369557    -0.420694
    0.181133     0.377572    -0.432817
    0.001816     0.352204    -0.420694
   -0.255804     0.254062    -0.411158
   -0.371200     0.227945    -0.373266
   -0.213931     0.278094    -0.414092
   -0.462109     0.159302    -0.361779
   -0.432548     0.166597    -0.373266
   -0.631373    -0.135384    -0.332310
   -0.626573    -0.132607    -0.335273
   -0.678663    -0.201468    -0.297568
   -0.658557    -0.276501    -0.297568
   -0.604592    -0.308369    -0.321849
   -0.361301    -0.449821    -0.401787
   -0.204342    -0.513678    -0.441302
   -0.199511    -0.510070    -0.444884
   -0.199306    -0.510034    -0.444951
   -0.170769    -0.511614    -0.449383
   -0.170029    -0.511813    -0.449383
   -0.142938    -0.505876    -0.456436
   -0.075414    -0.468168    -0.476359
   -0.067109    -0.464022    -0.478406
   -0.014599    -0.430617    -0.492532
    0.014686    -0.422771    -0.492532
    0.027435    -0.401182    -0.502245
    0.084308    -0.343039    -0.517214
    0.112399    -0.319349    -0.520870
    0.135241    -0.314179    -0.513370
    0.259778    -0.189642    -0.513370
    0.280169    -0.184610    -0.505447
    0.321241    -0.144435    -0.494873
    0.375602    -0.112334    -0.470414
    0.402678    -0.011287    -0.470414
    0.492665     0.040769    -0.414860
    0.365906    -0.011287    -0.490069
    0.433394     0.179128    -0.426724
    0.359610    -0.013273    -0.493150
    0.308789     0.109420    -0.493150
    0.305173     0.174751    -0.483003
    0.280117     0.199807    -0.483003
    0.241538     0.295003    -0.458973
    0.191148     0.315875    -0.458973
    0.176459     0.350473    -0.446632
    0.181133     0.365292    -0.439380
    0.036679     0.339848    -0.432292
   -0.096751     0.284579    -0.432292
   -0.427526     0.166426    -0.375470
   -0.286144     0.223722    -0.411158
   -0.551334    -0.132474    -0.375470
   -0.551344    -0.132607    -0.375483
   -0.544410    -0.138568    -0.378336
   -0.349198    -0.449408    -0.407099
   -0.463771    -0.172803    -0.407099
   -0.169649    -0.498054    -0.455453
   -0.152523    -0.505147    -0.455453
    0.022792    -0.399537    -0.503790
    0.042329    -0.374519    -0.511115
    0.076148    -0.346420    -0.517214
    0.121569    -0.296722    -0.526582
    0.131227    -0.281227    -0.529060
    0.216768    -0.195686    -0.529060
    0.233865    -0.188757    -0.524744
    0.272569    -0.095316    -0.524744
    0.294116    -0.069383    -0.520067
    0.294571    -0.069190    -0.519905
    0.282772     0.016182    -0.512758
    0.222634     0.076320    -0.512758
    0.203511     0.152581    -0.503363
    0.203511     0.178431    -0.499112
    0.191148     0.204244    -0.492836
   -0.175498    -0.172803    -0.494546
   -0.139240    -0.190169    -0.503363
   -0.094657    -0.230916    -0.511767
   -0.093646    -0.238545    -0.511115
   -0.164669    -0.493075    -0.457589
    0.137168    -0.257536    -0.531978
    0.212896    -0.181808    -0.531978
    0.216964    -0.151119    -0.534600
    0.222634    -0.140955    -0.534157
    0.137168    -0.230916    -0.534600
     1      2      3
     1      3      4
     1      4      5
     1      5      6
     1      6      7
     1      7      8
     9      6      5
     9      5     10
     9     10     11
     9     11     12
     9     12     13
    14     12     11
    14     11     15
    14     15     16
    14     16     17
    14     17     18
    19      7      6
    19      6      9
    20     21     22
    20     22     23
    20     23     24
    20     24     25
    24     23     26
    24     26      3
    24      3      2
    24      2     27
    22     28     29
    22     29     30
    22     30     26
    22     26     23
     5      4     31
     5     31     32
     5     32     10
    10     32     33
    10     33     15
    10     15     11
    15     33     34
    15     34     35
    15     35     36
    15     36     37
    15     37     38
    15     38     39
    15     39     16
    39     38     40
    39     40     41
    39     41     42
    39     42     43
    39     43     44
    45     46     17
    45     17     16
    45     16     39
    45     39     44
    45     44     47
    47     44     43
    47     43     48
    47     48     49
    13     12     14
    50      8      7
    50      7     19
    51     27      2
    51      2      1
    51      1     52
    53     54     55
    53     55     56
    53     56     57
    57     56     58
    57     58     21
    57     21     20
    57     20     59
    60     61     62
    60     62     58
    60     58     56
    60     56     55
    58     62     63
    58     63     28
    58     28     22
    58     22     21
    63     64     65
    63     65     29
    63     29     28
     3     26     30
     3     30     66
     3     66     67
     3     67     31
     3     31      4
    31     67     68
    31     68     34
    31     34     33
    31     33     32
    34     68     69
    34     69     70
    34     70     71
    34     71     72
    34     72     35
    35     72     73
    35     73     74
    35     74     36
    36     74     75
    36     75     76
    36     76     77
    36     77     37
    37     77     78
    37     78     79
    37     79     40
    37     40     38
    40     79     80
    40     80     81
    40     81     82
    40     82     41
    42     41     82
    42     82     83
    42     83     84
    42     84     85
    48     43     42
    48     42     85
    48     85     86
    86     85     84
    86     84     87
    86     87     88
    89     46     45
    89     45     90
    18     17     46
    18     46     89
    91     52      1
    91      1      8
    91      8     50
    92     25     24
    92     24     27
    92     27     51
    92     51     93
    94     59     20
    94     20     25
    94     25     92
    95     96     97
    95     97     98
    95     98     99
    98     97    100
    98    100     60
    98     60     55
    98     55     54
    98     54    101
   102    103    104
   102    104    105
   102    105    100
   102    100     97
   102     97     96
   100    105    106
   100    106     61
   100     61     60
   104    107    108
   104    108    109
   104    109    106
   104    106    105
   106    109     64
   106     64     63
   106     63     62
   106     62     61
    65     64    109
    65    109    108
    65    108    110
    65    110    111
    30     29     65
    30     65    111
    30    111    112
    30    112    113
    30    113     66
    66    113    114
    66    114     69
    66     69     68
    66     68     67
    69    114    115
    69    115    116
    69    116    117
    69    117    118
    69    118     70
    70    118    119
    70    119     71
    71    119    120
    71    120    121
    71    121     73
    71     73     72
    73    121    122
    73    122    123
    73    123     75
    73     75     74
    75    123    124
    75    124    125
    75    125     76
    76    125    126
    76    126    127
    76    127    128
    76    128     78
    76     78     77
    78    128    129
    78    129    130
    78    130     80
    78     80     79
    80    130    131
    80    131    132
    80    132    133
    80    133     81
    82     81    133
    82    133    134
    82    134    135
    82    135     83
    84     83    135
    84    135    136
    84    136    137
    84    137    138
    84    138     87
    88     87    138
    88    138    139
   139    138    137
   139    137    140
   139    140    141
   139    141    142
   143     49     48
   143     48     86
   143     86     88
   143     88    139
   143    139    142
   143    142    144
   145     90     45
   145     45     47
   145     47     49
   145     49    143
   145    143    146
   147    148     91
   147     91     50
   147     50     19
   147     19      9
   147      9     13
   147     13     14
   147     14     18
   147     18     89
   147     89     90
   147     90    145
   149     93     51
   149     51     52
   149     52     91
   149     91    148
   150    151     94
   150     94     92
   150     92     93
   150     93    149
   101     54     53
   101     53    152
   153     99     98
   153     98    101
   153    101    152
   153    152    154
   155    156    157
   155    157    158
   155    158    159
   159    158    160
   159    160    102
   159    102     96
   159     96     95
   159     95    161
   157    162    163
   157    163    164
   157    164    165
   157    165    160
   157    160    158
   160    165    166
   160    166    103
   160    103    102
   164    167    168
   164    168    169
   164    169    170
   164    170    166
   164    166    165
   166    170    171
   166    171    107
   166    107    104
   166    104    103
   169    172    173
   169    173    174
   169    174    175
   169    175    171
   169    171    170
   171    175    176
   171    176    110
   171    110    108
   171    108    107
   176    175    174
   176    174    177
   176    177    178
   176    178    179
   176    179    180
   111    110    176
   111    176    180
   111    180    181
   111    181    182
   111    182    183
   111    183    112
   112    183    184
   112    184    185
   112    185    186
   112    186    187
   112    187    188
   112    188    115
   112    115    114
   112    114    113
   187    189    190
   187    190    191
   187    191    188
   115    188    191
   115    191    192
   115    192    116
   191    190    193
   191    193    192
   117    194    120
   117    120    119
   117    119    118
   120    194    195
   120    195    196
   120    196    122
   120    122    121
   122    196    197
   122    197    198
   122    198    124
   122    124    123
   124    198    199
   124    199    200
   124    200    126
   124    126    125
   126    200    201
   126    201    202
   126    202    127
   127    202    203
   127    203    129
   127    129    128
   129    203    204
   129    204    205
   129    205    206
   129    206    131
   129    131    130
   131    206    132
   133    132    206
   133    206    205
   133    205    207
   133    207    208
   133    208    209
   133    209    210
   133    210    134
   135    134    210
   135    210    211
   135    211    136
   137    136    211
   137    211    212
   137    212    213
   137    213    214
   137    214    140
   141    140    214
   141    214    215
   215    214    213
   215    213    216
   215    216    217
   215    217    218
   219    218    217
   219    217    220
   219    220    221
   219    221    222
   219    222    223
   144    142    141
   144    141    215
   144    215    218
   144    218    219
   224    146    143
   224    143    144
   224    144    219
   224    219    223
   224    223    225
   224    225    226
   224    226    227
   224    227    228
   229    230    147
   229    147    145
   229    145    146
   229    146    224
   229    224    231
   232    233    150
   232    150    149
   232    149    148
   232    148    147
   232    147    230
   234    235    153
   234    153    154
   234    154    151
   234    151    150
   234    150    233
   236    237    238
   236    238    239
   236    239    235
   236    235    234
   239    161     95
   239     95     99
   239     99    153
   239    153    235
   238    240    155
   238    155    159
   238    159    161
   238    161    239
   241    242    156
   241    156    155
   241    155    240
   241    240    243
   244    162    157
   244    157    156
   244    156    242
   245    246    247
   245    247    163
   245    163    162
   245    162    244
   248    167    164
   248    164    163
   248    163    247
   249    250    168
   249    168    167
   249    167    248
   249    248    251
   252    172    169
   252    169    168
   252    168    250
   253    173    172
   253    172    252
   253    252    254
   253    254    255
   256    177    174
   256    174    173
   256    173    253
   257    178    177
   257    177    256
   257    256    258
   257    258    259
   260    261    179
   260    179    178
   260    178    257
   260    257    262
   180    179    261
   180    261    263
   180    263    264
   180    264    181
   265    182    181
   265    181    264
   265    264    266
   265    266    267
   265    267    268
   269    184    183
   269    183    182
   269    182    265
   269    265    270
   185    271    272
   185    272    273
   185    273    186
   186    273    274
   186    274    275
   186    275    276
   186    276    189
   186    189    187
   274    277    278
   274    278    275
   193    190    189
   193    189    276
   193    276    279
   279    276    275
   279    275    278
   279    278    280
   279    280    281
   116    192    193
   116    193    279
   116    279    281
   116    281    282
   116    282    195
   116    195    194
   116    194    117
   282    283    284
   282    284    197
   282    197    196
   282    196    195
   197    284    285
   197    285    286
   197    286    199
   197    199    198
   199    286    287
   199    287    288
   199    288    289
   199    289    290
   199    290    201
   199    201    200
   291    290    289
   291    289    292
   201    290    291
   201    291    293
   201    293    204
   201    204    203
   201    203    202
   294    293    291
   294    291    292
   294    292    295
   294    295    296
   205    204    293
   205    293    294
   205    294    297
   205    297    207
   298    297    294
   298    294    296
   298    296    299
   298    299    300
   298    300    301
   208    207    297
   208    297    298
   302    209    208
   302    208    298
   302    298    301
   302    301    303
   302    303    304
   211    210    209
   211    209    302
   211    302    305
   211    305    212
   213    212    305
   213    305    306
   213    306    307
   213    307    216
   217    216    307
   217    307    308
   217    308    220
   220    308    309
   220    309    221
   225    310    311
   225    311    312
   225    312    226
   223    222    310
   223    310    225
   227    226    312
   227    312    313
   227    313    314
   227    314    315
   227    315    316
   227    316    317
   318    319    228
   318    228    227
   318    227    317
   318    317    320
   318    320    321
   322    323    229
   322    229    231
   322    231    324
   325    326    232
   325    232    230
   325    230    229
   325    229    323
   327    328    329
   327    329    236
   327    236    234
   327    234    233
   327    233    232
   327    232    326
   327    326    330
   329    331    237
   329    237    236
   332    333    334
   332    334    331
   332    331    329
   332    329    328
   334    243    240
   334    240    238
   334    238    237
   334    237    331
   335    336    241
   335    241    243
   335    243    334
   335    334    333
   337    338    336
   337    336    335
   337    335    339
   340    341    245
   340    245    244
   340    244    242
   340    242    241
   340    241    336
   340    336    338
   342    246    245
   342    245    341
   343    251    248
   343    248    247
   343    247    246
   343    246    342
   344    345    249
   344    249    251
   344    251    343
   346    254    252
   346    252    250
   346    250    249
   346    249    345
   347    255    254
   347    254    346
   347    346    348
   347    348    349
   350    258    256
   350    256    253
   350    253    255
   350    255    347
   350    347    351
   352    259    258
   352    258    350
   352    350    353
   354    262    257
   354    257    259
   354    259    352
   354    352    355
   356    357    260
   356    260    262
   356    262    354
   358    263    261
   358    261    260
   358    260    357
   358    357    359
   358    359    360
   266    264    263
   266    263    358
   266    358    361
   268    267    362
   268    362    363
   268    363    364
   365    270    265
   365    265    268
   365    268    364
   365    364    366
   367    368    271
   367    271    185
   367    185    184
   367    184    269
   369    370    371
   369    371    272
   369    272    271
   369    271    368
   372    373    374
   372    374    371
   372    371    370
   272    371    374
   272    374    375
   272    375    277
   272    277    274
   272    274    273
   374    373    376
   374    376    377
   374    377    378
   374    378    375
   278    277    375
   278    375    378
   278    378    379
   278    379    280
   379    378    377
   379    377    380
   379    380    381
   281    280    379
   281    379    381
   281    381    382
   281    382    383
   281    383    283
   281    283    282
   383    384    385
   383    385    285
   383    285    284
   383    284    283
   285    385    386
   285    386    387
   285    387    287
   285    287    286
   287    387    388
   287    388    389
   287    389    390
   287    390    288
   390    389    391
   390    391    392
   390    392    393
   390    393    394
   390    394    395
   390    395    396
   292    289    288
   292    288    390
   292    390    396
   292    396    397
   292    397    398
   292    398    295
   398    397    399
   398    399    400
   398    400    401
   296    295    398
   296    398    401
   296    401    402
   296    402    403
   296    403    299
   404    405    403
   404    403    402
   404    402    406
   404    406    407
   404    407    408
   300    299    403
   300    403    405
   300    405    409
   409    405    404
   409    404    410
   303    301    300
   303    300    409
   303    409    410
   303    410    411
   412    304    303
   412    303    411
   412    411    413
   412    413    414
   306    305    302
   306    302    304
   306    304    412
   306    412    415
   416    309    308
   416    308    307
   416    307    306
   416    306    415
   416    415    417
   221    309    416
   221    416    418
   221    418    311
   221    311    310
   221    310    222
   312    311    418
   312    418    419
   312    419    420
   312    420    313
   314    421    422
   314    422    315
   313    420    421
   313    421    314
   315    422    423
   315    423    424
   315    424    425
   315    425    426
   315    426    316
   317    316    426
   317    426    427
   317    427    320
   428    319    318
   428    318    429
   324    231    224
   324    224    228
   324    228    319
   324    319    428
   430    431    325
   430    325    323
   430    323    322
   430    322    432
   433    330    326
   433    326    325
   433    325    431
   434    435    436
   434    436    327
   434    327    330
   434    330    433
   436    437    332
   436    332    328
   436    328    327
   438    439    440
   438    440    441
   438    441    437
   438    437    436
   438    436    435
   441    339    335
   441    335    333
   441    333    332
   441    332    437
   440    442    443
   440    443    337
   440    337    339
   440    339    441
   444    445    443
   444    443    442
   444    442    446
   444    446    447
   444    447    448
   443    445    449
   443    449    450
   443    450    340
   443    340    338
   443    338    337
   451    452    453
   451    453    450
   451    450    449
   450    453    454
   450    454    455
   450    455    344
   450    344    343
   450    343    342
   450    342    341
   450    341    340
   456    455    454
   456    454    457
   458    348    346
   458    346    345
   458    345    344
   458    344    455
   458    455    456
   459    349    348
   459    348    458
   459    458    460
   461    351    347
   461    347    349
   461    349    459
   461    459    462
   463    353    350
   463    350    351
   463    351    461
   463    461    464
   465    355    352
   465    352    353
   465    353    463
   465    463    466
   467    468    356
   467    356    354
   467    354    355
   467    355    465
   469    359    357
   469    357    356
   469    356    468
   470    360    359
   470    359    469
   470    469    471
   472    361    358
   472    358    360
   472    360    470
   472    470    473
   474    362    267
   474    267    266
   474    266    361
   474    361    472
   475    363    362
   475    362    474
   475    474    476
   366    364    363
   366    363    475
   366    475    477
   478    479    367
   478    367    269
   478    269    270
   478    270    365
   480    481    482
   480    482    369
   480    369    368
   480    368    367
   480    367    479
   483    484    485
   483    485    482
   483    482    481
   482    485    486
   482    486    372
   482    372    370
   482    370    369
   487    488    489
   487    489    486
   487    486    485
   487    485    484
   486    489    490
   486    490    376
   486    376    373
   486    373    372
   491    490    489
   491    489    488
   491    488    492
   491    492    493
   377    376    490
   377    490    491
   377    491    494
   377    494    380
   381    380    494
   381    494    495
   381    495    496
   381    496    382
   382    496    497
   382    497    498
   382    498    384
   382    384    383
   386    385    384
   386    384    498
   386    498    499
   500    391    389
   500    389    388
   500    388    501
   502    503    504
   502    504    392
   502    392    391
   502    391    500
   504    505    506
   504    506    507
   504    507    508
   504    508    393
   504    393    392
   394    393    508
   394    508    509
   510    395    394
   510    394    509
   510    509    511
   510    511    512
   510    512    513
   399    397    396
   399    396    395
   399    395    510
   399    510    514
   399    514    515
   516    517    400
   516    400    399
   516    399    515
   516    515    518
   402    401    400
   402    400    517
   402    517    519
   402    519    520
   402    520    521
   402    521    406
   406    521    522
   406    522    407
   408    407    522
   408    522    523
   408    523    524
   525    524    523
   525    523    526
   525    526    527
   411    410    404
   411    404    408
   411    408    524
   411    524    525
   411    525    413
   414    413    525
   414    525    527
   414    527    528
   414    528    529
   417    415    412
   417    412    414
   417    414    529
   417    529    530
   417    530    531
   532    419    418
   532    418    416
   532    416    417
   532    417    531
   532    531    533
   532    533    534
   423    422    421
   423    421    420
   423    420    419
   423    419    532
   535    536    424
   535    424    423
   535    423    532
   535    532    534
   535    534    537
   535    537    538
   535    538    539
   540    541    536
   540    536    535
   425    424    536
   425    536    541
   425    541    542
   543    542    541
   543    541    540
   543    540    544
   427    426    425
   427    425    542
   427    542    543
   321    320    427
   321    427    543
   321    543    544
   321    544    545
   546    429    318
   546    318    321
   546    321    545
   546    545    547
   546    547    548
   549    432    322
   549    322    324
   549    324    428
   549    428    429
   549    429    546
   549    546    550
   551    552    430
   551    430    432
   551    432    549
   553    554    555
   553    555    434
   553    434    433
   553    433    431
   553    431    430
   553    430    552
   555    556    438
   555    438    435
   555    435    434
   557    558    559
   557    559    556
   557    556    555
   557    555    554
   559    560    439
   559    439    438
   559    438    556
   561    562    563
   561    563    560
   561    560    559
   561    559    558
   563    446    442
   563    442    440
   563    440    439
   563    439    560
   564    447    446
   564    446    563
   564    563    562
   565    448    447
   565    447    564
   565    564    566
   567    568    569
   567    569    444
   567    444    448
   567    448    565
   567    565    570
   567    570    571
   569    572    451
   569    451    449
   569    449    445
   569    445    444
   573    452    451
   573    451    572
   573    572    574
   573    574    575
   576    457    454
   576    454    453
   576    453    452
   576    452    573
   577    460    458
   577    458    456
   577    456    457
   577    457    576
   577    576    578
   579    462    459
   579    459    460
   579    460    577
   580    464    461
   580    461    462
   580    462    579
   580    579    581
   582    466    463
   582    463    464
   582    464    580
   582    580    583
   584    585    467
   584    467    465
   584    465    466
   584    466    582
   586    471    469
   586    469    468
   586    468    467
   586    467    585
   586    585    587
   588    589    590
   588    590    586
   588    586    587
   588    587    591
   592    473    470
   592    470    471
   592    471    586
   592    586    590
   593    594    595
   593    595    596
   593    596    592
   593    592    590
   593    590    589
   593    589    597
   593    597    598
   596    476    474
   596    474    472
   596    472    473
   596    473    592
   599    477    475
   599    475    476
   599    476    596
   599    596    595
   599    595    600
   601    602    603
   601    603    478
   601    478    365
   601    365    366
   601    366    477
   601    477    599
   603    604    480
   603    480    479
   603    479    478
   605    606    607
   605    607    608
   605    608    483
   605    483    481
   605    481    480
   605    480    604
   608    609    487
   608    487    484
   608    484    483
   607    610    611
   607    611    612
   607    612    609
   607    609    608
   612    613    492
   612    492    488
   612    488    487
   612    487    609
   611    614    615
   611    615    613
   611    613    612
   493    492    613
   493    613    615
   495    494    491
   495    491    493
   495    493    615
   495    615    614
   495    614    616
   495    616    617
   618    497    496
   618    496    495
   618    495    617
   618    617    619
   620    499    498
   620    498    497
   620    497    618
   620    618    621
   501    388    387
   501    387    386
   501    386    499
   501    499    620
   622    623    503
   622    503    502
   624    505    504
   624    504    503
   624    503    623
   625    506    505
   625    505    624
   626    507    506
   626    506    625
   626    625    627
   626    627    628
   509    508    507
   509    507    626
   509    626    629
   509    629    511
   512    511    629
   512    629    630
   512    630    631
   632    514    510
   632    510    513
   632    513    633
   518    515    514
   518    514    632
   518    632    634
   519    517    516
   519    516    635
   636    520    519
   636    519    635
   636    635    637
   523    522    521
   523    521    520
   523    520    636
   523    636    526
   527    526    636
   527    636    637
   527    637    638
   527    638    639
   527    639    640
   527    640    528
   529    528    640
   529    640    641
   529    641    530
   531    530    641
   531    641    642
   531    642    643
   531    643    644
   531    644    533
   534    533    644
   534    644    645
   534    645    646
   534    646    537
   647    648    646
   647    646    645
   647    645    649
   647    649    650
   537    646    648
   537    648    651
   537    651    538
   651    648    647
   651    647    652
   653    652    647
   653    647    650
   653    650    654
   539    538    651
   539    651    652
   539    652    653
   539    653    655
   656    655    653
   656    653    654
   656    654    657
   656    657    658
   545    544    540
   545    540    535
   545    535    539
   545    539    655
   545    655    656
   545    656    547
   548    547    656
   548    656    658
   548    658    659
   548    659    660
   548    660    661
   548    661    662
   550    546    548
   550    548    662
   550    662    663
   550    663    664
   550    664    665
   665    666    667
   665    667    668
   665    668    551
   665    551    549
   665    549    550
   668    669    670
   668    670    553
   668    553    552
   668    552    551
   671    672    673
   671    673    674
   671    674    675
   671    675    676
   671    676    670
   671    670    669
   670    676    677
   670    677    557
   670    557    554
   670    554    553
   675    678    679
   675    679    677
   675    677    676
   677    679    680
   677    680    561
   677    561    558
   677    558    557
   681    570    565
   681    565    566
   681    566    680
   681    680    679
   681    679    678
   680    566    564
   680    564    562
   680    562    561
   682    571    570
   682    570    681
   683    684    685
   683    685    567
   683    567    571
   683    571    682
   686    574    572
   686    572    569
   686    569    568
   687    575    574
   687    574    686
   687    686    688
   687    688    689
   690    578    576
   690    576    573
   690    573    575
   690    575    687
   691    581    579
   691    579    577
   691    577    578
   691    578    690
   691    690    692
   693    583    580
   693    580    581
   693    581    691
   694    695    584
   694    584    582
   694    582    583
   694    583    693
   591    587    585
   591    585    584
   591    584    695
   696    598    597
   696    597    697
   696    697    698
   597    589    588
   597    588    697
   699    700    701
   699    701    594
   699    594    593
   699    593    702
   600    595    594
   600    594    701
   703    704    705
   703    705    601
   703    601    599
   703    599    600
   703    600    701
   703    701    700
   703    700    706
   703    706    707
   705    708    709
   705    709    710
   705    710    602
   705    602    601
   710    711    605
   710    605    604
   710    604    603
   710    603    602
   712    713    714
   712    714    715
   712    715    606
   712    606    605
   712    605    711
   715    716    610
   715    610    607
   715    607    606
   714    717    718
   714    718    716
   714    716    715
   616    614    611
   616    611    610
   616    610    716
   616    716    718
   616    718    719
   719    718    717
   719    717    720
   719    720    721
   619    617    616
   619    616    719
   619    719    721
   619    721    722
   723    621    618
   723    618    619
   723    619    722
   723    722    724
   723    724    725
   726    727    728
   726    728    729
   726    729    622
   726    622    502
   726    502    500
   726    500    501
   726    501    620
   726    620    621
   726    621    723
   730    729    728
   730    728    731
   730    731    732
   733    734    627
   733    627    625
   733    625    624
   733    624    623
   733    623    622
   733    622    729
   733    729    730
   735    628    627
   735    627    734
   735    734    736
   736    734    733
   736    733    737
   630    629    626
   630    626    628
   630    628    735
   738    631    630
   738    630    735
   738    735    736
   738    736    737
   738    737    739
   633    513    512
   633    512    631
   633    631    738
   633    738    740
   741    634    632
   741    632    633
   741    633    740
   741    740    742
   741    742    743
   637    635    516
   637    516    518
   637    518    634
   637    634    741
   637    741    638
   639    638    741
   639    741    743
   639    743    744
   639    744    745
   641    640    639
   641    639    745
   641    745    746
   641    746    642
   643    642    746
   643    746    747
   643    747    748
   643    748    749
   649    645    644
   649    644    643
   649    643    749
   649    749    750
   649    750    751
   752    751    750
   752    750    753
   752    753    754
   752    754    755
   654    650    649
   654    649    751
   654    751    752
   654    752    657
   658    657    752
   658    752    755
   658    755    756
   658    756    659
   755    754    757
   755    757    758
   755    758    756
   659    756    758
   659    758    759
   659    759    660
   660    759    760
   660    760    761
   660    761    762
   660    762    661
   662    661    762
   662    762    763
   662    763    764
   662    764    765
   662    765    766
   662    766    767
   662    767    663
   663    767    768
   663    768    769
   663    769    664
   665    664    769
   665    769    770
   665    770    771
   665    771    772
   665    772    666
   666    772    773
   666    773    774
   666    774    775
   666    775    776
   666    776    667
   667    776    777
   667    777    778
   667    778    671
   667    671    669
   667    669    668
   778    779    780
   778    780    672
   778    672    671
   780    781    673
   780    673    672
   673    781    782
   673    782    783
   673    783    784
   673    784    674
   674    784    683
   674    683    682
   674    682    681
   674    681    678
   674    678    675
   783    785    684
   783    684    683
   783    683    784
   786    785    783
   786    783    782
   787    688    686
   787    686    568
   787    568    567
   787    567    685
   788    689    688
   788    688    787
   789    692    690
   789    690    687
   789    687    689
   789    689    788
   789    788    790
   791    792    694
   791    694    693
   791    693    691
   791    691    692
   791    692    789
   698    697    588
   698    588    591
   698    591    695
   698    695    694
   698    694    792
   793    794    699
   793    699    702
   793    702    795
   795    702    593
   795    593    598
   795    598    696
   707    706    796
   707    796    797
   796    706    700
   796    700    699
   796    699    794
   796    794    798
   799    800    708
   799    708    705
   799    705    704
   799    704    801
   799    801    802
   803    804    805
   803    805    709
   803    709    708
   803    708    800
   709    805    806
   709    806    712
   709    712    711
   709    711    710
   807    808    809
   807    809    713
   807    713    712
   807    712    806
   807    806    810
   809    811    720
   809    720    717
   809    717    714
   809    714    713
   812    811    809
   812    809    808
   812    808    813
   722    721    720
   722    720    811
   722    811    812
   722    812    724
   725    724    812
   725    812    813
   725    813    814
   725    814    815
   725    815    816
   817    818    819
   817    819    820
   817    820    821
   817    821    726
   817    726    723
   817    723    725
   817    725    816
   817    816    822
   823    824    825
   823    825    727
   823    727    726
   823    726    821
   823    821    826
   827    828    731
   827    731    728
   827    728    727
   827    727    825
   827    825    829
   732    731    828
   732    828    830
   732    830    831
   832    830    828
   832    828    827
   739    737    733
   739    733    730
   739    730    732
   739    732    831
   739    831    833
   833    831    830
   833    830    832
   833    832    834
   742    740    738
   742    738    739
   742    739    833
   742    833    834
   742    834    835
   744    743    742
   744    742    835
   744    835    836
   744    836    837
   744    837    838
   746    745    744
   746    744    838
   746    838    839
   746    839    747
   748    747    839
   748    839    840
   748    840    841
   748    841    842
   750    749    748
   750    748    842
   750    842    843
   750    843    844
   750    844    845
   750    845    753
   846    845    844
   846    844    847
   846    847    848
   846    848    849
   753    845    846
   753    846    757
   753    757    754
   758    757    846
   758    846    849
   758    849    760
   758    760    759
   760    849    848
   760    848    850
   760    850    761
   762    761    850
   762    850    851
   762    851    852
   762    852    763
   763    852    853
   763    853    764
   766    854    855
   766    855    768
   766    768    767
   769    768    855
   769    855    856
   769    856    857
   769    857    770
   771    858    773
   771    773    772
   774    859    860
   774    860    861
   774    861    775
   775    861    862
   775    862    777
   775    777    776
   777    862    863
   777    863    864
   777    864    779
   777    779    778
   864    865    786
   864    786    782
   864    782    781
   864    781    780
   864    780    779
   863    866    867
   863    867    868
   863    868    865
   863    865    864
   869    870    867
   869    867    866
   868    790    788
   868    788    787
   868    787    685
   868    685    684
   868    684    785
   868    785    786
   868    786    865
   867    870    871
   867    871    872
   867    872    791
   867    791    789
   867    789    790
   867    790    868
   872    873    874
   872    874    793
   872    793    795
   872    795    696
   872    696    698
   872    698    792
   872    792    791
   875    797    796
   875    796    798
   875    798    874
   875    874    873
   874    798    794
   874    794    793
   876    802    801
   876    801    877
   876    877    878
   877    801    704
   877    704    703
   879    880    803
   879    803    800
   879    800    799
   879    799    881
   879    881    882
   883    804    803
   883    803    880
   883    880    884
   885    810    806
   885    806    805
   885    805    804
   885    804    883
   885    883    886
   885    886    887
   888    889    890
   888    890    807
   888    807    810
   888    810    885
   890    814    813
   890    813    808
   890    808    807
   815    814    890
   815    890    889
   815    889    891
   815    891    892
   822    816    815
   822    815    892
   822    892    893
   822    893    894
   895    820    819
   895    819    896
   897    826    821
   897    821    820
   897    820    895
   829    825    824
   829    824    898
   898    824    823
   898    823    899
   835    834    832
   835    832    827
   835    827    829
   835    829    898
   835    898    899
   835    899    900
   835    900    836
   837    836    900
   837    900    901
   837    901    902
   837    902    903
   839    838    837
   839    837    903
   839    903    904
   839    904    905
   839    905    906
   839    906    840
   840    906    907
   840    907    908
   840    908    909
   840    909    841
   842    841    909
   842    909    910
   842    910    911
   842    911    843
   912    911    910
   912    910    913
   912    913    914
   912    914    915
   847    844    843
   847    843    911
   847    911    912
   850    848    847
   850    847    912
   850    912    915
   850    915    916
   850    916    851
   851    916    917
   851    917    918
   851    918    919
   851    919    853
   851    853    852
   764    853    919
   764    919    920
   764    920    921
   764    921    922
   764    922    765
   765    922    923
   765    923    924
   765    924    854
   765    854    766
   855    854    924
   855    924    925
   855    925    856
   770    857    926
   770    926    927
   770    927    858
   770    858    771
   773    858    927
   773    927    928
   773    928    929
   773    929    859
   773    859    774
   929    930    931
   929    931    860
   929    860    859
   860    931    869
   860    869    866
   860    866    863
   860    863    862
   860    862    861
   932    933    871
   932    871    870
   932    870    869
   932    869    931
   932    931    930
   934    935    933
   934    933    932
   936    937    938
   936    938    875
   936    875    873
   936    873    872
   936    872    871
   936    871    933
   936    933    935
   939    940    941
   939    941    942
   939    942    876
   939    876    878
   939    878    938
   939    938    937
   938    878    877
   938    877    703
   938    703    707
   938    707    797
   938    797    875
   941    882    881
   941    881    942
   942    881    799
   942    799    802
   942    802    876
   943    884    880
   943    880    879
   943    879    944
   945    886    883
   945    883    884
   945    884    943
   946    947    888
   946    888    885
   946    885    887
   946    887    948
   949    891    889
   949    889    888
   949    888    947
   949    947    950
   893    892    891
   893    891    949
   951    818    817
   951    817    952
   896    819    818
   896    818    951
   900    899    823
   900    823    826
   900    826    897
   900    897    953
   900    953    901
   901    953    954
   901    954    902
   903    902    954
   903    954    955
   903    955    904
   905    956    907
   905    907    906
   910    909    908
   910    908    957
   910    957    913
   913    957    958
   913    958    959
   913    959    960
   913    960    961
   913    961    914
   915    914    961
   915    961    917
   915    917    916
   919    918    962
   919    962    963
   919    963    964
   919    964    920
   920    964    965
   920    965    966
   920    966    921
   921    966    967
   921    967    968
   921    968    969
   921    969    970
   921    970    923
   921    923    922
   923    970    971
   923    971    972
   923    972    925
   923    925    924
   856    925    972
   856    972    973
   856    973    974
   856    974    926
   856    926    857
   926    974    975
   926    975    976
   926    976    928
   926    928    927
   928    976    934
   928    934    932
   928    932    930
   928    930    929
   975    977    978
   975    978    936
   975    936    935
   975    935    934
   975    934    976
   979    980    981
   979    981    978
   979    978    977
   978    981    982
   978    982    983
   978    983    939
   978    939    937
   978    937    936
   983    984    985
   983    985    986
   983    986    940
   983    940    939
   986    944    879
   986    879    882
   986    882    941
   986    941    940
   985    987    945
   985    945    943
   985    943    944
   985    944    986
   948    887    886
   948    886    945
   948    945    987
   948    987    988
   989    950    947
   989    947    946
   989    946    990
   991    894    893
   991    893    949
   991    949    950
   991    950    989
   992    952    817
   992    817    822
   992    822    894
   992    894    991
   955    954    953
   955    953    897
   955    897    895
   955    895    896
   955    896    951
   955    951    952
   955    952    992
   955    992    993
   994    956    905
   994    905    904
   994    904    955
   994    955    993
   994    993    995
   908    907    956
   908    956    994
   908    994    958
   908    958    957
   960    959    996
   960    996    997
   917    961    960
   917    960    997
   917    997    962
   917    962    918
   965    998    967
   965    967    966
   967    998    999
   967    999   1000
   967   1000    968
   969   1001   1002
   969   1002   1003
   969   1003   1004
   969   1004    971
   969    971    970
   972    971   1004
   972   1004   1005
   972   1005   1006
   972   1006   1007
   972   1007    973
   973   1007    979
   973    979    977
   973    977    975
   973    975    974
  1006   1008    980
  1006    980    979
  1006    979   1007
  1009   1010   1011
  1009   1011    982
  1009    982    981
  1009    981    980
  1009    980   1008
   982   1011   1012
   982   1012    984
   982    984    983
  1012    988    987
  1012    987    985
  1012    985    984
  1013    990    946
  1013    946    948
  1013    948    988
  1013    988   1012
  1013   1012   1011
  1013   1011   1010
  1013   1010   1014
   995    993    992
   995    992    991
   995    991    989
   995    989    990
   995    990   1013
   996    959    958
   996    958    994
   996    994    995
   996    995   1013
   996   1013   1014
   996   1014   1015
   996   1015   1016
   996   1016   1017
   963   1017   1016
   963   1016    999
   963    999    998
   963    998    965
   963    965    964
   962    997    996
   962    996   1017
   962   1017    963
   968   1000   1001
   968   1001    969
  1002   1018   1019
  1002   1019   1003
  1004   1003   1019
  1004   1019   1020
  1004   1020   1021
  1004   1021   1005
  1005   1021   1009
  1005   1009   1008
  1005   1008   1006
  1020   1022   1015
  1020   1015   1014
  1020   1014   1010
  1020   1010   1009
  1020   1009   1021
  1016   1015   1022
  1016   1022   1018
  1016   1018   1002
  1016   1002   1001
  1016   1001   1000
  1016   1000    999
  1019   1018   1022
  1019   1022   1020
   154    152     53
   154     53     57
   154     57     59
   154     59     94
   154     94    151
